         t_zero = 2459452.82405 + 0.00098 - 0.00098
         period = 29.77381 + 0.00012 - 0.00012
       radius_1 = 0.02885 + 0.00152 - 0.00130
              k = 0.10118 + 0.00154 - 0.00139
              b = 0.63918 + 0.14422 - 0.17600
        zp_TESS = 1.00013 + 0.00019 - 0.00020
        zp_NGTS = 0.99990 + 0.00013 - 0.00012
   TESS_light_3 = 0.10967 + 0.05053 - 0.05201
             fs = 0.56343 + 0.00320 - 0.00337
             fc = 0.22047 + 0.00375 - 0.00381
             K1 = 5.98345 + 0.02567 - 0.02646
             V0 = -52.57596 + 0.01215 - 0.01243
   h_1_TESS_ref = 0.78733 + 0.00221 - 0.00227
   h_2_TESS_ref = 0.44055 + 0.03502 - 0.03586
   h_1_NGTS_ref = 0.76378 + 0.00233 - 0.00233
   h_2_NGTS_ref = 0.45798 + 0.03505 - 0.03603
         J_TESS = 0.00014 + 0.00013 - 0.00009
         J_NGTS = 0.00047 + 0.00021 - 0.00024
      J_CORALIE = 0.01167 + 0.01091 - 0.00760
      zp_lesedi = 0.99976 + 0.00014 - 0.00014
        h_1_Les = 0.70435 + 0.00235 - 0.00233
        h_2_les = 0.46805 + 0.03637 - 0.03654
          J_les = 0.00441 + 0.00008 - 0.00008
             M1 = 1.08063 + 0.03344 - 0.03395
             R1 = 1.15723 + 0.01635 - 0.01652
             M2 = 0.09004 + 0.00184 - 0.00186
             R2 = 0.11713 + 0.00241 - 0.00230
          width = 5.87935 + 0.37925 - 0.52947
          logg2 = 5.20318 + 0.05053 - 0.05642
            rho = 1.73942 + 0.25971 - 0.24814
      sec_phase = 0.59002 + 0.00152 - 0.00156
     ltt_t_zero = -93.03562 + 4.82378 - 4.55953
         a [au] = 0.18648 + 0.00912 - 0.00965
    a_peri [au] = 0.11822 + 0.00583 - 0.00615
    a_apas [au] = 0.25471 + 0.01247 - 0.01315
              e = 0.36603 + 0.00311 - 0.00320
